Z			Pitch			Roll		   	ZL			ZR			ZC		
0.00197649568457898	-0.00215176273139382	-0.00224568620139083	0.00249095621663309	0.00361380120487143	0.000900612658405709
-0.00296323562870985	0.000949742988095963	-0.00218179762439133	-0.00398355753712744	-0.00289265699394810	-0.00248836399188193
0.00166326488489510	0.00462161031011260	0.00380066259726056	0.000302613501719327	-0.00159772694708194	0.00397408649247151
-0.000569339105917269	-0.00314221736591422	-0.000556696413007654	0.000862600630227381	0.00114094886548559	-0.00214045295969102
-0.000667047344243037	-0.00306960184022973	0.00255914120907961	0.00150754509538943	0.000227971697452777	-0.00220185308490717
-0.00324760557605405	-0.00158355895354858	0.00103296375815348	-0.00219758440605414	-0.00271406646882878	-0.00403938571466664
-0.00306797688239610	0.00432897895818081	0.00283265937404036	-0.00452431314486315	-0.00594064662008600	-0.000903473882317622
0.00116421331646761	-0.00109332463382404	-0.00386069361321574	0.000745697652577633	0.00267605404982022	0.000617550781736292
-0.00230989392126613	-0.00226783292000037	0.00478563885159978	2.04433291844859e-05	-0.00237239436383681	-0.00344381232520610
0.000596779316159076	-0.00348052920153156	0.00348596675479549	0.00320854616302379	0.00146555572536785	-0.00114349231187766
0.00444783991754306	-0.00102891157256548	-0.00449353502329457	0.00383890456841753	0.00608568720232306	0.00393338394971582
0.00214471635748948	-0.00125277533048757	-0.000337981662093640	0.00268660893168659	0.00285559976916811	0.00151832836455160
0.00179219655394007	-0.00368885292956995	-0.00174346725051966	0.00320076413060315	0.00407249863912724	-5.22382769850556e-05
0.00459380581307086	-0.000649592821043732	0.00130205124999750	0.00524411526572846	0.00459308927282675	0.00426900935686412
0.00275334311958987	-0.00408486832787389	-0.00269700836222326	0.00412153491835872	0.00547004236908742	0.000710897595456662
0.00107726966322105	0.00114626958012946	0.000798849732812890	0.000703847097821895	0.000304422146449652	0.00165040470430634
0.00448002359333351	-0.00489020907709188	0.00103156320439897	0.00718303851550284	0.00666725673035165	0.00203489956373978
-0.00440358376414634	0.000732603832633724	0.000998790958328569	-0.00452018792338204	-0.00501958356860927	-0.00403728178229703
-0.00231287654757206	0.00289729858025762	-0.000515721196160848	-0.00389046020166960	-0.00363259958072825	-0.000864223203945204
0.00486680043980283	-0.00264633226849131	-0.00464576539317212	0.00502851995858674	0.00735141936701486	0.00354363121680487
0.00272206732094026	-0.000519802865359491	0.000138148350382766	0.00301650586484344	0.00294743168921263	0.00246216586485249
-0.000246457000422052	0.000693581832849320	-0.000922698382273630	-0.000823922633487063	-0.000362573311423562	0.000100333971611208
0.00180899555553953	-0.00438598557709153	-0.00391953963384441	0.00302211247988458	0.00498189233271312	-0.000384011295219790
-0.000830652450685783	-3.71111436011518e-05	-0.000401243710576861	-0.000912407811904140	-0.000711785945849236	-0.000849208022494877
-0.00119850797106819	0.00142315234585299	-0.000491172463241695	-0.00203287775008005	-0.00178729149870994	-0.000486931317741384
-0.00286729610924791	-0.00278734269872895	0.000511403358044188	-0.00134577029994142	-0.00160147200125502	-0.00426097106789760
-0.00117062010865857	0.00337056445531881	0.00305404317007998	-0.00209239555201527	-0.00361942188467454	0.000514668501027771
-0.00470332248489896	0.00471075231442514	0.00200850072786061	-0.00655659020796091	-0.00756084192230054	-0.00234792890466720
-0.000276789349159265	0.00346372887693173	0.00372235503921598	-0.00107806765574094	-0.00293925377150988	0.00145508201530688
-0.00166627313156213	5.99945589054829e-05	-0.00447807847571099	-0.00281579751335066	-0.000576743308751058	-0.00163627585207340
0.00475844804109989	-0.00221124388854769	-0.00280318688594654	0.00516327323031430	0.00656487034447259	0.00365282429480634
0.000554435386197572	0.00246617221828201	-0.000403579898886335	-0.000779548203027711	-0.000577758242628914	0.00178752399522346
0.00346303637783572	-0.00263069615887130	0.00458533596129010	0.00592472951599356	0.00363204546719819	0.00214768526407557
-0.000919365055980892	0.00457345281619123	0.00290045356979438	-0.00248099198179929	-0.00393122283345106	0.00136737729566339
-0.000379818362261076	0.00120260036077771	-0.000481253909574991	-0.00110143231920858	-0.000860805345844255	0.000221482108004265
0.00326306720846432	0.00100262145507628	-0.00166571813539134	0.00234532639395287	0.00317818623193768	0.00376437810398336
0.00491203199868745	-0.00327395498352331	-0.00440904687319919	0.00544674647837643	0.00765128420017436	0.00327504865809951
0.000239476492636088	-0.00409653261856775	0.00240905302893588	0.00289001868203378	0.00168548983738924	-0.00180880127443933
0.00425436889631448	-0.00244737797356411	6.79452405550247e-05	0.00549504663642718	0.00546107401609739	0.00303067746636668
0.00239021861521925	0.00358570531259210	-0.00300074586860645	-0.000152830443692411	0.00134754699398428	0.00418307895529256
0.000674300561719209	0.00411067053397794	-0.000728064488987120	-0.00156306243650849	-0.00119903012769310	0.00272964740553922
0.00468777662942908	0.00199633767225763	-0.00331309721287729	0.00286132913349457	0.00451788380105756	0.00568594679158209
0.00324499419818922	0.00225182355023387	0.00251694590854687	0.00274831832589260	0.00148984271413004	0.00437090787636712
0.00459609278997884	-0.00270113921142504	-0.00131649158371199	0.00561754259428720	0.00627578876642304	0.00324551989960256
0.00146346065444023	0.000760534563213544	0.00441817795239884	0.00218774497468405	-2.13583756514856e-05	0.00184372800936417
-0.00120426514559711	0.00310628105007939	-0.00482827459089283	-0.00396448869369794	-0.00155033263843085	0.000348880374870168
-0.000234253191196707	-0.000961566316159344	0.00329055908778801	0.00106917285614240	-0.000576112626018484	-0.000715036497455371
0.00411889812500719	0.00488439267199745	0.00126590974955276	0.00199315997386917	0.00136020476098338	0.00656111388258810
-0.00485146144232127	-0.00410001185013112	0.000387465151572191	-0.00270457773750500	-0.00289831032298607	-0.00690147885439700
-0.00343306152766038	-0.00179058967352239	0.00150507635380060	-0.00216149636149759	-0.00291403510662866	-0.00432835732125763
-0.000284321234701517	0.000114089388191779	0.00226629532306514	0.000225208871715610	-0.000907940729805434	-0.000227276540358122
0.000429916948452566	-0.00439393633431758	-0.00405511436079422	0.00161311510736102	0.00364068340151587	-0.00176706535753331
-0.00440308967614192	0.00225687923545844	0.00377573934307660	-0.00458759188834051	-0.00647547053121728	-0.00327464814250494
0.00158030305628083	0.000565557485619920	-0.00485637856054014	8.34200985266676e-05	0.00251162846811621	0.00186308182924021
0.00389635303379043	0.000293599024812566	-0.00205697373153763	0.00323530935900164	0.00426379767533053	0.00404315255041477
-0.00390367393884788	0.00329982432033195	-0.00320085121495760	-0.00635380762418037	-0.00475337655098646	-0.00225375579011235
-0.000622268857818863	0.00358759034071804	0.00426294268197950	-0.00135032959778011	-0.00348181385037947	0.00117153400844207
-0.00219769910392676	0.00289028923313949	-0.00431819563172966	-0.00472240336267761	-0.00256329212661458	-0.000752550463207430
0.00485246312451203	-0.00182166946273772	0.000810932275784914	0.00596603197679714	0.00556056575002498	0.00394162738561300
0.00108758707334404	-0.000477925462370182	0.00137151222525225	0.00166942809402617	0.000983671551420176	0.000848624323964899
-0.00246250793081554	0.00252227970049942	0.00151269264764942	-0.00334547700512229	-0.00410182390584793	-0.00120136540614596
-0.00367385273151638	-0.00390138294249314	0.00364622012533553	-0.000811592292149070	-0.00263471043422801	-0.00562455409984421
0.000450048912184231	-0.00390257631406096	-0.00444047470592979	0.00129122100246909	0.00351147294829266	-0.00150124915101241
0.00327803931470922	-0.00230116336295599	0.00316855173773850	0.00522076361249649	0.00363648244171052	0.00212745560231494
0.00337006271022824	0.000246373453963109	0.000289224663284285	0.00331918214859144	0.00317456981291698	0.00349324943970227
0.00333348647034423	0.00472651076977497	0.00194350560622442	0.00145609050031005	0.000484336473689881	0.00569675945368849
-0.00296284565706084	0.00210408685278170	-0.00287595103718166	-0.00473388037755734	-0.00329590089440965	-0.00191080067813818
0.000444176992487734	-0.00188140054852467	0.000432799462498511	0.00149307824905433	0.00127667850429341	-0.000496524391698400
0.00374942721542349	-0.00208542872352273	0.00202520272153464	0.00529844446135334	0.00428584171620713	0.00270671134206673
-0.00378999913830333	0.00350357337374621	0.00456434557260469	-0.00440069867555746	-0.00668288731035100	-0.00203820528365243
0.00356350768537266	0.00411647424007853	-0.000554578371265287	0.00136661433236812	0.00164390354642819	0.00562175643134717
0.00399776018962328	0.00139276147276064	-0.00414602169187355	0.00226486764095530	0.00433789036497754	0.00469414137628014
-0.00282134876063530	-0.00244629702055557	-0.00442659852458743	-0.00270485466981445	-0.000491540951040784	-0.00404449971084298
-0.00423020915065108	-0.00411334159967717	0.00129450486099479	-0.00184990035537897	-0.00249715314741948	-0.00628689154990294
-0.000257848395181279	0.00338255587537226	0.00296179066498458	-0.00120868295187992	-0.00268958261462603	0.00143343599289042
0.00335027465734663	0.000847186192633204	0.00191191332858144	0.00340466037423784	0.00244870254514008	0.00377386785500430
-0.000306064979581653	0.00448108735396022	-0.00154692137784835	-0.00293335430643522	-0.00215989300055548	0.00193449369433204
-0.000862300607505048	-0.00438971070807491	0.00446816667161595	0.00244961794630126	0.000215519742912322	-0.00305717005961689
2.74626384999865e-05	0.000846413033551106	0.000201903182114772	-0.000345268183124858	-0.000446219775554004	0.000450669256339404
-0.00374560040000345	-0.00214891914341358	0.00453813025197927	-0.00153659882291099	-0.00380567952587830	-0.00482006162561225
-0.00367714674572061	0.00327732173448263	-0.00426404364191800	-0.00638183085113814	-0.00424979610856313	-0.00203848001159059
0.00370475365141086	-0.00309013559302602	-0.00292968051926926	0.00451740414057619	0.00598224859114683	0.00215968093696021
0.00102950181301887	-0.000574700377971164	0.00275027813981967	0.00200442330219884	0.000629280765080854	0.000742151592397893
-0.00234698273946201	-0.00106588493632424	0.00414187821243774	-0.000778564595108915	-0.00284951554383626	-0.00287992540945143
0.00364802580056935	0.00326573979042765	0.00282550647710300	0.00272152859951216	0.00130877160138303	0.00528090150069110
-0.00441890541776024	0.00176871093438419	-0.00204465803835124	-0.00581442702905950	-0.00479209658522291	-0.00353454902837928
-0.000422461148979139	-0.00292396965620020	-0.00348154277685516	0.000169138634676509	0.00190991705651615	-0.00188445014355461
0.00222209644099518	-0.00181895273849737	0.00347910522313782	0.00400135362838216	0.00226179399816393	0.00131261906871731
-0.00161000848403920	-0.00366189014643874	0.00284854591093150	0.000933083177088100	-0.000491193630675245	-0.00344096174128483
-0.000987801430736874	0.00171462889478031	-0.00229168497848683	-0.00241803896586610	-0.00127219447069896	-0.000130486143191221
0.000269797521948271	0.000709910754624057	-0.00272189295183866	-0.000765632833432065	0.000595317003445842	0.000624752958889653
0.00394235714464514	-0.00330232933973512	-0.00178976782911049	0.00514608538169389	0.00604097025176829	0.00229118647255919
0.00278360658313311	-0.00352344222848263	0.00329561804399167	0.00536924248163828	0.00372142749394461	0.00102187817847477
-0.00430632397330998	-0.000239202817325437	0.00322182194600976	-0.00338126428893946	-0.00499218083579282	-0.00442592538425381
-0.00221215471378955	0.00408102416506950	0.000706828504818783	-0.00407597096884553	-0.00442938528011095	-0.000171631303100863
-0.00120630165313935	0.000521750267158347	0.000718296362288476	-0.00128760268893477	-0.00164675093184648	-0.000945426495888070
0.00364672546383037	-0.00467060107250123	-0.00213981727500620	0.00544708784613901	0.00651699811661740	0.00131140794628254
-0.000800396305893009	-0.00446137073564444	0.00199133559301209	0.00192813841806743	0.000932469305479819	-0.00303109647355964
-0.00260122526508117	0.00305063228558902	0.00296257943281577	-0.00338589911454452	-0.00486719316466679	-0.00107590439055668
0.000976545164136785	-0.000486251452965518	-0.000584109438487772	0.00107364353355180	0.00136569828601047	0.000733419418492437
-0.000205955963980077	-0.00117353770440041	-0.000537843883087784	0.000246352173847096	0.000515274141321883	-0.000792725085544643
0.00398547501835202	0.00289643703689691	-0.000343375916348894	0.00245140846755941	0.00262309643248159	0.00543369758668353
0.00434709237913810	-0.00135713130500206	-0.00220960812725385	0.00447325551740950	0.00557806137905996	0.00366852631004148
0.00317886833811118	0.000323499349989104	0.00175375318416595	0.00345555740301048	0.00257867991193783	0.00334061801874819
0.00208908978901821	0.00211656705981267	0.00403664526363540	0.00203997147599567	2.16378815837883e-05	0.00314737489924669
0.00243220570404508	0.00371476517995847	0.00408525898848375	0.00159613499922940	-0.000446505858468390	0.00428959683770965
0.00399709782516550	-0.00171310388327771	0.00247196944130713	0.00547164422382479	0.00423565698561543	0.00314054504561088
-0.00434760195160308	0.00150118025397777	-0.00239488492916454	-0.00569691501936505	-0.00449947026547756	-0.00359701126078486
-0.00164088828654141	0.00474836148002758	0.00189637840074109	-0.00354099170170996	-0.00448918203872427	0.000733310297134295
-0.00495664927391202	-0.00424032638705865	-0.00368169334524488	-0.00375690086825865	-0.00191604587811452	-0.00707682517463745
0.00328095603149386	0.000870191670827718	-0.00376499167680199	0.00190460771958385	0.00378711245292998	0.00371605197673081
7.43537730317612e-05	-0.000861135022266399	-0.00309097146755509	-0.000267823937258962	0.00127766671844818	-0.000356213844531089
-0.00133837563850938	-0.00190863573533733	-0.00354267900503709	-0.00126973006851318	0.000501616844485380	-0.00229269466500485
-0.00273360282355630	-0.00236165958473205	0.000850436152687155	-0.00134016174642347	-0.00176537992527889	-0.00391443481126141
0.000348317095968971	0.00258766265080204	-0.00426638309919533	-0.00201211936351728	0.000121085128976410	0.00164215130920838
-0.00210515133610435	0.00495215981129752	0.00322326222185306	-0.00377543313685933	-0.00538706982911287	0.000370948810777403
-0.00431629102554796	-0.00313428555858631	0.00222902973268465	-0.00219188475839928	-0.00330640147059497	-0.00588343893659880
-0.00415029254433074	0.00281145268534765	0.00425858038017486	-0.00449137105971147	-0.00662067412181122	-0.00274456249790013
-0.00431660531865998	-0.00304202018973268	-7.36140153821880e-05	-0.00281399403590330	-0.00277718702814572	-0.00583762010529545
-0.000901835008494979	0.00492358973179926	0.00154882898449668	-0.00297644221156988	-0.00375085732305903	0.00155997975032450
-0.00376618617690619	0.00302261569764289	0.00390123477961687	-0.00430218498540315	-0.00625281227116531	-0.00225487372552816
-0.000569834073377638	-0.000757732900966939	0.000385255744690212	-9.46536094466834e-05	-0.000287281491321860	-0.000948700596371003
0.00398939736964300	0.00228863868051374	-0.00217794835441778	0.00230058808192762	0.00338956398097458	0.00513371870783489
-0.00146360998214339	-1.64641747644834e-05	0.00475957517879964	-0.000265475114870555	-0.00264528067465026	-0.00147184206952638
-0.00379821880447472	0.00308990267199045	-0.00463574484474520	-0.00650211957044997	-0.00418423054414121	-0.00225326255165385
0.000691110254437083	-0.00143491066518954	-0.00173755426939688	0.000974177074935089	0.00184295508394144	-2.63455705640972e-05
0.00375032726365492	-0.00426756565510193	0.00473013623892821	0.00706666592409192	0.00470158016564304	0.00161653148244236
-0.00151425022896108	0.000909914552748493	-0.00134967374694253	-0.00230662627251358	-0.00163178898927674	-0.00105929282702700
-0.00458078995091230	0.00410187830728141	-0.00190850381104083	-0.00710886713931164	-0.00615461407520469	-0.00252983929456644
-0.00357660280611608	-0.00306234063833390	-0.00379087615419372	-0.00299315127891152	-0.00109770412214527	-0.00510777791170377
-0.00423407165123583	-0.000676322084656024	0.00415765704040790	-0.00285649030806104	-0.00493533080663540	-0.00457223274512344
0.00240526589300887	0.00249159729068009	-0.00364521794318498	0.000248156147494325	0.00207077319183780	0.00365106711635167
-0.000434748726809998	-0.00460815513352417	-0.00167882108171659	0.00144963948445732	0.00228905081392598	-0.00273884260281165
0.00168249315315529	0.00446324989805483	0.00397479892399884	0.000444558349769644	-0.00154285157862150	0.00391413292073651
0.00199246075603127	0.00263673323663761	-3.51222152726667e-06	0.000673213027068088	0.000674969137831728	0.00331083042961264
0.000713572123907581	0.000588205505095603	0.00115288242215057	0.000707690070674009	0.000131248604208640	0.00100767491037384
0.00128693341954442	-0.00316157055534225	0.000831329680886483	0.00307555643226456	0.00265989149606471	-0.000293857125075801
0.00377763925090051	-2.05118498105306e-05	0.00198253926627414	0.00428353064173470	0.00329225970987973	0.00376738332599381
0.00162351739628039	0.000178456002340507	-0.00470667657245638	0.000357611562131405	0.00271096722619446	0.00171274539839784
0.00375413611874802	0.00494243010644050	0.000278826877386473	0.00135260766452061	0.00121319422221450	0.00622537129412848
-0.000324829811617725	0.00354851683090675	-0.00467927153580015	-0.00326892209621852	-0.000929269252273205	0.00144943605101041
-0.00358663971663335	0.00462403939711971	0.00327142322836315	-0.00508081716894431	-0.00671653461839389	-0.00127460353959761
-0.00431865542767412	0.00178941008977033	-0.00160013793517831	-0.00561339625272213	-0.00481332660228904	-0.00342394942784265
0.00214242406919872	-0.000964986111956393	0.00346710958880530	0.00349169814529392	0.00175813640459113	0.00165993086345491
-0.00192013971817013	0.00434979086178052	-0.00253930432893902	-0.00472987631270329	-0.00346022141929289	0.000254769429657828
0.00171163971711563	-0.000205154543675185	0.000814912523681326	0.00201794516641009	0.00161048881437455	0.00160906244383893
0.00152420835422264	-0.00268208388336883	0.00437676879074775	0.00395945269610514	0.00177105432698374	0.000183163196900845
0.000310488383451018	-0.00103709751490225	-0.00452212707614934	-0.000301502148606140	0.00195957680223467	-0.000208060559912231
0.00215107031762305	0.00205077475112789	-0.00446022340829762	1.06182582850093e-05	0.00224074475086291	0.00317645913067214
4.81062302308155e-05	0.000585590345605501	-0.00479381965880009	-0.00144315307127146	0.000953775119191469	0.000340901436501626
-0.000120006414947716	0.00256630700894368	0.00181478514196212	-0.000949465952781615	-0.00185685951991320	0.00116314990645197
-2.16169096999885e-05	0.00495481058555258	0.000986285266332346	-0.00225247107969627	-0.00274561387276542	0.00245580865683087
0.00435975553324428	0.00462431404366634	-0.00385969965484344	0.00108265232467338	0.00301251173532420	0.00667192903648977
-0.00110718317203475	0.000350671052561570	0.00296245350725845	-0.000541903162107042	-0.00202313424889805	-0.000931847638566947
-0.00382854834272424	0.00463870129971715	0.00117850587139279	-0.00585328902405883	-0.00644254223255515	-0.00150918105714148
-0.00259576446028761	-0.00384374120818741	-0.00429786476013042	-0.00174835719714348	0.000400588414455662	-0.00451764452923131
0.00184908494629146	-0.00448551706769795	-0.00430721027431999	0.00301504929399509	0.00516866774919140	-0.000393688629010319
0.00339253615059596	-0.00195651054363427	-0.00363992611379910	0.00346080712337538	0.00528077821791872	0.00241427963054487
0.00470144632898035	0.000801918331427124	0.00288891319657009	0.00502271738566298	0.00357825676897320	0.00510240558064260
-0.00284830387195967	0.000309644523382815	-0.00407601542076170	-0.00402213563703707	-0.00198411664016129	-0.00269348160532015
0.00260343346418237	0.00401208092653144	-0.00262131207992694	-5.79472837248988e-05	0.00125271175820706	0.00460948469112367
0.000841028498580327	0.000405504251702443	-0.00256352087383215	-2.60526072358783e-06	0.00127915798395561	0.00104378063554464
-0.000970484224287587	-0.000680193891433173	-0.00395177787341105	-0.00161833683726656	0.000357562385024927	-0.00131058122245436
0.000100403377575671	0.000426669874363416	0.00358352760228758	0.000782954162913145	-0.00100881730801657	0.000313738327703054
-4.35578091495181e-05	0.00212414805789522	0.00198199766179566	-0.000610133371185289	-0.00160113349973693	0.00101851781716207
0.00151368342531714	-0.00483325287059768	0.00233742133263281	0.00451468507590130	0.00334597228114834	-0.000902961827890544
0.00243706144622944	0.00300920882057848	0.00150530624454913	0.00130877933973959	0.000556125648973846	0.00394167039810215
-0.00198046530872768	-0.00357490675076209	0.000162705657741290	-0.000152327903986921	-0.000233680733575454	-0.00376792629867417
-0.00410388064797876	-0.000215255270971368	-0.00173611864911118	-0.00443028310917985	-0.00356222291248170	-0.00421150828512675
0.00325965482484244	-0.00243164645820366	0.00161776196778501	0.00487992129507310	0.00407103960552454	0.00204382919938606
-0.00110412991078307	-0.00130908311175139	-0.00382434515378244	-0.00140567893060127	0.000506502968578338	-0.00175867184055467
0.00275304853268839	0.00161764913365414	-0.00352182585818394	0.00106376315561283	0.00282468336509301	0.00356187380502387
-0.00320630904716024	-0.00330391186545686	-0.00480235336271183	-0.00275494467390531	-0.000353749533255077	-0.00485827099074028
-0.00390638790282212	-0.00221215979560981	0.00464291730299559	-0.00163956853444591	-0.00396104386706881	-0.00501246960488688
0.00405158338091637	-0.00301778205486161	0.00470372902013312	0.00673641991649491	0.00438453806122179	0.00254268777297439
0.00376351003922501	-0.00304928466715739	-0.00376139492853180	0.00434780393139425	0.00622851026513714	0.00223886298018431
0.00499792564444752	-0.00173160351650024	-0.000325899732255403	0.00578225333210496	0.00594520320400167	0.00413212302084172
0.00364254686057084	0.00380337860379200	0.00156694003304474	0.00213258371774386	0.00134911306000260	0.00554424533226844
-0.00463122477716127	-0.000288981349842515	-0.00209814433367133	-0.00501127095134299	-0.00396219724509274	-0.00477571545610468
0.000446824420072471	-0.000960306278290589	0.00254536639716295	0.00156332068037173	0.000290634733258272	-3.33288666700557e-05
0.00497616182183573	-0.00320768523576553	0.000581180513589716	0.00672530508527370	0.00643471479576121	0.00337231370315401
0.000110081542460463	0.00468924996147292	-0.000722074044515440	-0.00241507916630012	-0.00205404208129524	0.00245472370871860
0.00373512175935722	-0.000925442621973798	-0.00232805942725800	0.00361582729414587	0.00477985911073906	0.00327240031627197
-0.00429778527663461	0.00344487396483448	0.00253736074133061	-0.00538588752588830	-0.00665457061923307	-0.00257534148070854
0.00487538736827997	0.00115325097130850	0.00398376325005631	0.00529470770818776	0.00330281554579349	0.00545201310956930
0.00422713429546706	-0.00123388921967263	0.00228444033957786	0.00541519029677383	0.00427296814002493	0.00361018937253475
0.000642609195997779	0.00377181749337097	-0.000931698653455116	-0.00147623322486110	-0.00101038376333807	0.00252852688609515
-0.000685379463256552	0.00284852427283024	0.00438315840253697	-0.00101384883372837	-0.00320544207003459	0.000738886525368375
-0.00162155434743508	-0.000350457166854657	-0.00244572545062197	-0.00205775833859940	-0.000834893175068366	-0.00179678293803628
0.00220723427847251	0.00313976926820934	0.000331632406088226	0.000720252590189016	0.000554436381066078	0.00377712407131748
-0.00486344433336665	0.00398444137180120	0.00454754870376370	-0.00571878054899184	-0.00799257057503887	-0.00287121310471794
-0.00125939807224176	-0.000707614568851727	-0.00232252463559904	-0.00148622293166348	-0.000324958525863090	-0.00161320541572024
0.00422685220392168	-0.00165670580377780	-0.00249915379410410	0.00443041611437348	0.00567999561295520	0.00339849854417902
0.000464796480292724	0.000966471044452463	0.00427672720239348	0.00105074912684052	-0.00108762751162365	0.000948032152977014
-0.000261131302478747	0.00401990808706562	-0.00431417651444544	-0.00334964699279861	-0.00119254535281515	0.00174883356784939
-3.46268155980534e-05	0.00202066449359676	-0.00200599613439135	-0.00154646014376921	-0.000543460731209774	0.000975706806293384
-0.00191028918780608	-0.00122544897929135	0.000915835341563671	-0.00106860549204127	-0.00152652329084996	-0.00252301398416654
0.00450837558840908	0.00234955925430014	-0.00296700854643664	0.00259183948629246	0.00407534811269123	0.00568315737732631
0.00481993280873020	0.00454102786471214	0.00135883198886887	0.00288911147583845	0.00220969506324029	0.00709046234792103
0.000135631035425783	0.000428131131035512	0.00298370257830259	0.000667493314942060	-0.000824362401284287	0.000349696614022679
0.00492589818472072	0.000401058323593658	1.70105236421834e-05	0.00472962164308329	0.00472111638126138	0.00512642735726911
-0.000441562979347493	-0.00188890360395998	0.00150812135949142	0.000879920571604676	0.000125859320172360	-0.00138601590458350
-0.000739591191079013	-0.00428765428075416	0.00295954985556127	0.00214413871085926	0.000664359462645845	-0.00288343146891058
-0.00286785221202089	-0.00318019532830979	-0.00266626231928433	-0.00194431634663839	-0.000611182027930875	-0.00445795523675715
-0.00306750519570725	-0.00407011073129322	0.00100838938434792	-0.000780341161009850	-0.00128453602408053	-0.00510257179886931
0.00332754245970334	-0.000365107522377568	-0.00387537621616714	0.00254124732472489	0.00447894513328272	0.00314498869040287
0.00226637099604961	-0.00490667487972231	0.000157656531959143	0.00475914225782451	0.00468031399119183	-0.000186986132408954
0.000297456939057750	0.00415025911735790	0.00337840690870234	-0.000933079593648881	-0.00262228947467896	0.00237259841227942
0.00329080737499330	0.00142741739133104	0.00420790107998705	0.00362907967354546	0.00152511671564528	0.00400451655539122
0.000118744313382537	-0.00498580941797597	-1.77207054464409e-05	0.00260723950266786	0.00261609985539201	-0.00237418105226486
0.000519618462545464	-0.00469614727505082	-0.00222388877735612	0.00231173625064340	0.00342368247243261	-0.00182847243644708
-0.00286715105984104	-0.00291529776694680	0.00152519960748294	-0.00102819784931797	-0.00179079824438848	-0.00432480407282885
0.000878206263227298	-0.000450338549979028	0.00417298803800668	0.00214662861862420	6.01224882530336e-05	0.000653036973015979
-0.00357236774651859	-0.00372733966674867	9.83945351473552e-05	-0.00168409064853719	-0.00173328791626963	-0.00543604621063378
-0.00447776472174850	-0.00491352312121910	0.00474191483802598	-0.000835495794939610	-0.00320647098503604	-0.00693454605350917
0.00183307915305935	0.00227079601148527	-0.00302721057902686	-5.91257607987315e-05	0.00145448415229323	0.00296847911037145
0.00108559478411928	-0.00145883533943414	-0.00388815016211066	0.000842970532400769	0.00278705541017087	0.000356176596952744
-0.00280344065218839	0.00280445946096025	-0.00202645706631378	-0.00471228901891054	-0.00369905909880084	-0.00140120724552109
-0.000937200576986551	-0.000633433583647088	-0.00103581464438273	-0.000879437496510603	-0.000361529989096167	-0.00125391741116972
0.00129907944762480	-0.000634452176277318	-0.000792443166515079	0.00141819474523002	0.00181441641142550	0.000981853316921844
0.000553076247254534	-0.00450786819643514	-0.00188524642349547	0.00233571344865505	0.00327833777714708	-0.00170087311839200
-0.00372420937961737	-0.00450368098480610	0.00193843170932226	-0.000987745127984602	-0.00195696219659607	-0.00597606509694441
-0.00330801668344386	-0.00408899824586946	-0.00408128166728501	-0.00228383224779189	-0.000243180083850969	-0.00535252720106630
-0.00499000581883247	0.000940370314441212	-0.000979113809629536	-0.00570496964527496	-0.00521541258401996	-0.00451982052301748
-0.000818375288028765	-0.00258915944830978	-0.00204819195970038	-3.58413769767715e-05	0.000988256034934193	-0.00211295790503624
-0.000115143211235554	0.00341369101972144	-0.00193503220973621	-0.00230575400746841	-0.00133823669502563	0.00159170892877591
-0.00340131156847530	0.00357212764090606	-0.00394438869264725	-0.00617348527290899	-0.00420128069858894	-0.00161524015120163
0.00166838577223759	0.00463612200951355	0.000938276045642682	-0.000415122760262491	-0.000884260920754300	0.00398646338498357
-0.00482079630948745	-0.000111002138393961	-0.00217272483755242	-0.00530847730419009	-0.00422211317593494	-0.00487629737891238
-0.00380324643480758	-0.00279689899431367	-0.00344778379060500	-0.00326674265416102	-0.00154284392806929	-0.00520169957850001
0.00452125308877993	-0.00273791359158714	-0.00499341332413888	0.00464184959853607	0.00713857701192078	0.00315229287233143
0.00475853970932192	0.000367878045128258	-0.00216404582921618	0.00403358837661851	0.00511561298030157	0.00494247874018380
-0.00469085461331594	0.00262109709211147	0.000508108749795999	-0.00587437896222088	-0.00612843335898234	-0.00338030306603027
-6.11815624656331e-05	-0.00152432849551241	0.00370902191503684	0.00162824300642578	-0.000226276455211813	-0.000823346400538250
0.00362722128138830	-0.000387682406085008	-0.00457746574667507	0.00267668806469620	0.00496543692358799	0.00343338006863450
-0.00257123833706890	0.00139323762199356	0.00404721981466327	-0.00225604712065111	-0.00427966807695729	-0.00187461907533361
0.00334270163718799	0.00417336040866845	-0.00369025913634834	0.000333440346300594	0.00217857829018622	0.00542939395613257
0.00313591192402868	-0.00338427426109669	0.00333728948123066	0.00566238098254184	0.00399373004705472	0.00144376833325908
0.00128973104075631	0.00215635404167474	0.00300468374899062	0.000962725546601492	-0.000539620849019941	0.00236790973272184
-0.00497761801439167	0.000777388761924093	0.00417880091998639	-0.00432160616263184	-0.00641101878467626	-0.00458892355512928
-0.00120276060273066	-0.000667010227908811	-0.00362696341554123	-0.00177600026924079	3.74893906065127e-05	-0.00153626576614417
0.00404405696492435	0.00384242782631094	4.73231755744868e-05	0.00213466439052030	0.00211100280271539	0.00596528033323086
0.00180351665064685	-0.00106948244623087	-0.000950415198827028	0.00210065420639166	0.00257586194888850	0.00126877522365362
-0.00121176869273830	-0.00321024847372268	-0.00326427838465283	-0.000422711436602877	0.00120943355284191	-0.00281689844359612
0.00131954710702334	0.00133333580320122	0.000751836124678534	0.000840837876943258	0.000464919743773799	0.00198621540368815
-0.00256730477529410	0.00124000554312344	0.00106217932572783	-0.00292176293333418	-0.00345285279592771	-0.00194730168595726
0.000714130716038967	-0.00172058403026751	-0.00285554259584022	0.000860535990775616	0.00228831116944956	-0.000146162148034653
0.00481728773776423	0.00302965315958237	0.000199322550564381	0.00335228716149451	0.00325262588489249	0.00633211895233496
0.00349682018905517	0.00499477858635892	0.00489185809639387	0.00222238440701922	-0.000223564151949904	0.00599423025057567
-0.00216555814310939	0.00480978160932146	-0.000100848375866055	-0.00459567958690765	-0.00454525539880368	0.000239351206636873
0.00182457664450218	-0.00372963057805143	0.00194873211187083	0.00417658422486295	0.00320221693552217	-4.02472911882005e-05
-0.00141875469018000	-0.00267759854038207	-0.000885781726122351	-0.000301397709904165	0.000141493268989138	-0.00275755715990248
0.00486926769961850	-0.00476367533341775	-0.00465223259900253	0.00608805684257311	0.00841418992380594	0.00248741201604748
-0.00416013704243811	0.00107432610401855	-0.00207168444031465	-0.00521522215213889	-0.00417937845007675	-0.00362297378376840
-0.00249694113638300	-0.00389190678712850	0.00301441737777535	0.000202628709366915	-0.00130458454472784	-0.00444290435508553
0.00311346615315006	-0.000925404921216011	-0.00153498009436923	0.00319242342085896	0.00395991407082158	0.00265076356045985
-0.00415576896121915	0.00384076806661962	-0.00416684055176128	-0.00711787860433312	-0.00503444627053210	-0.00223537548500569
0.000312539637418571	0.000481327774765875	0.000111063709428598	9.96416589215634e-05	4.41098039789331e-05	0.000553203543386893
0.00300622979147950	-0.00130996923288383	-0.00133166592147713	0.00332829810541697	0.00399413145973725	0.00235124480038190
0.00238823241921064	-0.00291654017186653	0.00239479504887487	0.00444520654668262	0.00324780673319771	0.000929958198481104
-0.00358337019697541	-0.000590567234756765	0.000247401639419948	-0.00322623613415148	-0.00334993695638526	-0.00387865384868245
-0.000621057420949771	0.00456196152175878	0.00304520877458731	-0.00214074945858333	-0.00366335855241508	0.00165993916359967
-0.00149619627586531	-0.00375974083351957	0.00316911179049531	0.00117596359866350	-0.000408597601312786	-0.00337607555040597
-0.000215025028023105	-0.000292367541330432	-0.00310528518314561	-0.000845165044291359	0.000707482537905989	-0.000361208802853524
0.000874034001240940	0.00356896327782193	-0.00376306543135637	-0.00185122601280846	3.03155841692869e-05	0.00265852321680147
-0.00354194304780479	-0.00456609528433047	0.00320996478991022	-0.000456385585170069	-0.00206137349265999	-0.00582500655669454
0.00405330607244364	0.00191625145201306	0.00137897620011436	0.00343992344223092	0.00275043490513555	0.00501143297120405
0.00140194248332222	0.00478985466675039	-0.00483880198117785	-0.00220271310228755	0.000216706771100210	0.00379688813223811
-0.00337060428559330	-0.00216732101507863	0.00395954627639733	-0.00129705033901718	-0.00327683382357958	-0.00445426648988822
0.000659105910016573	-0.00366219500005577	0.000153750571199788	0.00252864923921769	0.00245177395301204	-0.00117199977608172
0.00431616136977195	0.00185279684412687	0.000445219383462467	0.00350106674086279	0.00327845703442297	0.00524256085190101
0.00283101883684631	0.00409454555749395	0.00106442208248527	0.00104984023809295	0.000517628995852857	0.00487830305671972
0.00185687136978989	0.00110868982383243	0.00260436217840179	0.00195361824739681	0.000651434214085675	0.00241121650883853
-0.000337807150172578	0.00399982796432861	0.00355346871876900	-0.00144936087880554	-0.00322610271658561	0.00166211749735042
-0.00239681904333470	-0.00306566248060908	-0.00117131551668238	-0.00115681201410555	-0.000571153987927295	-0.00392965508565299
0.000692681710770191	0.00254424581488250	-0.00415350811382775	-0.00161782694130468	0.000458939058155564	0.00196480736311494
-0.00251229337111923	-0.00153739283335225	0.00233873298781272	-0.00115891203585418	-0.00232828066178225	-0.00328099039342025
-0.00180698408479103	-0.000813745856972871	-0.00168010667375569	-0.00182013813014720	-0.000980084002845908	-0.00221385710308551
0.00410802232216941	-0.00344280169645108	0.00339749534874645	0.00667880707691703	0.00498005286631318	0.00238661467272371
0.00385220040994411	0.00319000583926841	-0.00128276691983443	0.00193650017410783	0.00257788398582217	0.00544720873992321
0.00294589424165852	0.00124923527846277	0.00328215270033629	0.00314181739902298	0.00150073515598337	0.00357051220581387
0.00425809807166877	0.00238560421610648	-0.00323481371038440	0.00225658745245127	0.00387399994919283	0.00545090244251549
-0.00321160049224122	0.00305112420706954	-0.00370480138965333	-0.00566337191476937	-0.00381096274482133	-0.00168603365468709
0.000175411482364651	-0.00432777342436821	0.00379883582417879	0.00328902522878029	0.00138959817970760	-0.00198848873951465
0.00127005316409309	0.00450790316505566	-0.00455920871532304	-0.00212372376257073	0.000155896390132719	0.00352402001440519
0.00413182345900904	-2.42298897783932e-05	0.00186720018480803	0.00461073899259295	0.00367713781520827	0.00411970851411748
0.00163968253838808	0.00255145904700522	0.00233772904933592	0.000948383573541938	-0.000220483080403301	0.00291541483020684
-0.00110807177007387	0.00242405070676942	-0.000628275627553415	-0.00247716842498161	-0.00216303056987166	0.000103955957278897
0.00240007581416152	0.00331129575710113	-0.00120161083092372	0.000444019032056556	0.00104482473667994	0.00405572974395480
0.00317634859708731	-0.00343498153249799	0.00479657439846574	0.00609299891429923	0.00369469332233186	0.00145885107585907
0.00100344793176493	-0.000426912794485914	-0.00101006577388371	0.000964387812629534	0.00146942087132184	0.000789991521554174
-0.00415002935497297	0.00118100496094381	-0.000598130857306323	-0.00489006484214283	-0.00459099937782506	-0.00355952659996200
0.00422358001090054	0.00432183355047051	-0.00343192112455605	0.00120466613191119	0.00292063343112937	0.00638451024028080
-0.00446402184683442	0.00335088235559351	-0.00173965715933581	-0.00657438402408463	-0.00570455456693056	-0.00278857439816124
0.000270249526773659	0.00395423516342350	-0.00185938071326535	-0.00217172407374302	-0.00124203264570375	0.00224737741327070
-0.00381146723380252	0.000825185246680301	0.00394500663904255	-0.00323780317462890	-0.00521031672695448	-0.00339887451681335
-0.00119857009758995	0.000827468063617914	-0.00252975820735960	-0.00224474512480685	-0.000979863322847748	-0.000784835971352603
0.00312832533015109	0.00354925938969955	-0.00189320984087351	0.000880385157754122	0.00182699120914668	0.00490296247685179
-0.00255904084428310	-0.00465134299952069	-0.000911310919578290	-0.000461180365380372	-5.52477945244974e-06	-0.00488472911614979
0.00384422659093575	0.00385420095484803	0.00208010894064053	0.00243714455637115	0.00139708858599395	0.00577133661068894
0.00212646794759150	-0.000922691886440182	-0.00356362404940508	0.00169690423803628	0.00347872380543473	0.00166512187344749
-0.00121851561917857	-0.00463617969552168	0.00371322066573022	0.00202790027014045	0.000171281404242421	-0.00353662207554857
-0.00251080389004067	0.00246147942737720	-0.00416844103246540	-0.00478366238339684	-0.00269942979534404	-0.00128006169071090
-0.00247146254760727	-0.00345171229248894	-0.000382621616318687	-0.000841254955944927	-0.000649944138449660	-0.00419732554801725
0.00267243594526935	-0.00356091671325132	-0.00469610976338849	0.00327886575603917	0.00562693789878690	0.000891970063125662
-0.00450138114952760	0.00105959053323747	0.00253200532708854	-0.00439817392990893	-0.00566417929892935	-0.00397158568463606
0.00185288567608909	-0.00245519155948632	0.00200042669529619	0.00358059126339181	0.00258037658155467	0.000625287429704945
0.00120278122151001	-0.00175845794994178	-0.00285487753836009	0.00136828977911362	0.00279573242633663	0.000323551340294904
0.00246684629968725	-0.000982090821530014	0.00179904685523419	0.00340765406736134	0.00250812966928627	0.00197580073105069
0.00477255648345669	-0.000936266785988729	0.000572926806899287	0.00538392173063551	0.00509745829584245	0.00430442295367441
-0.00116086487339385	-0.00113808861439088	0.00350678902590103	0.000284880529727131	-0.00146852117075557	-0.00172990942627348
-0.00239794397686278	0.00109801823837955	0.000585654918028857	-0.00280053957044240	-0.00309336706293596	-0.00184893463703637
0.00377469536014124	-0.00333109277333754	0.00401773664047563	0.00644468747198642	0.00443580834248892	0.00210914281304481
0.00306095983510647	-0.00311907926804752	-0.000804822959868151	0.00441929874314779	0.00482171030996789	0.00150141514365509
-0.000388789202203006	-0.00405371130137835	-0.00141871647210964	0.00128339819472336	0.00199275690670035	-0.00241565595511787
-0.00409038312075779	-0.00176813727238736	-0.000110124826205137	-0.00323384476993484	-0.00317878235660968	-0.00497445267824332
0.000642688252731981	0.00269596929272335	-0.00244037858997809	-0.00131539551809550	-9.52038008428608e-05	0.00199067616493315
-0.00312617110851393	-0.00265881997541002	0.00429169268992397	-0.000723828228337117	-0.00286968774791003	-0.00445558422890429
0.000316895858947326	0.00240365469624262	-0.000332431857895643	-0.000968041771256254	-0.000801825836185539	0.00151872552161555
-0.00144966678226617	0.00192818413831729	-0.00245992149443055	-0.00302874166029387	-0.00179877843215412	-0.000485573518308354
-0.00185216495244506	0.00324078213366380	-0.000687815527219262	-0.00364451560103243	-0.00330060778318966	-0.000231768212779073
0.00226741468842694	0.00327977549139487	0.00202530011252343	0.00113384678307330	0.000121195342232959	0.00390730831420075
0.000157728581335382	-0.00206632065991608	-0.000976701320133986	0.000946714974040792	0.00143506578939448	-0.000875433219046870
0.00290644897912478	-0.00190630757577251	-0.00318159921334312	0.00306420143442474	0.00465500640878004	0.00195329403664717
-0.00295507418641044	0.000230297984419930	0.00356251116146682	-0.00217959162247365	-0.00396085473883860	-0.00283992519216475
0.00178106077559796	-0.00174701007505574	0.000842012245365986	0.00286506981287489	0.00244406359069625	0.000907554849410339
-0.00447514457361976	0.00331842510486068	-0.00126421217320102	-0.00645041642813859	-0.00581831000478705	-0.00281592593077671
0.00301172362362499	0.00310294790743841	-0.00278305453231602	0.000764479261136387	0.00215601011994716	0.00456320255670820
0.00178568638819314	0.000569982612786090	-0.00281005882288166	0.000798178496091621	0.00220321160578321	0.00207067772544886
0.00446008945084062	-0.00237035966269843	0.000222324430255001	0.00570085261036008	0.00558969039340107	0.00327490739980067
-0.00408441857125170	0.00180566202304450	-0.000665772865122385	-0.00515369380484937	-0.00482080732310381	-0.00318158657852681
0.00408438370578178	-0.00266346854557615	0.00241303988298553	0.00601938226934390	0.00481285998608641	0.00275264628384841
9.95303705320405e-05	-0.000435746353868881	-0.00429550367671589	-0.000756478962792494	0.00139128608530455	-0.000118342820191949
0.00114903565140055	-0.00115433105488476	0.00347333436397182	0.00259453851808050	0.000857864352313389	0.000571869867604158
-0.00183928799114040	0.000386014386980218	0.00179880234557907	-0.00158259412279105	-0.00248199626564293	-0.00164628078806381
-0.00422512518484578	0.00491703720961955	-0.00363348478101420	-0.00759203879603511	-0.00577528841047993	-0.00176658676643405
0.00350614066003707	0.00255220401677830	0.00358402188578687	0.00312604518883296	0.00133402657297942	0.00478224543916794
-0.00355473093051488	0.00480454849430374	-0.00300165875332925	-0.00670744060436045	-0.00520660672021106	-0.00115243819874401
-0.00129514207345988	-0.00265217359337152	0.00107339921764212	0.000299297739950616	-0.000237402074996443	-0.00262123197939685
0.00122391433081251	0.000285590885526651	0.000430449836543881	0.00118873134994932	0.000973506418384580	0.00136670977745807
0.00497551902431370	-0.00448563946433092	-0.00337675307967497	0.00637416232062190	0.00806254527770474	0.00273268424946408
0.000173441332456926	0.00256875470984622	-0.00494346931873154	-0.00234681624457276	0.000124938549648839	0.00145782151237581
0.00490511215150315	0.00101979766275510	0.00271485147165409	0.00507392767874717	0.00371649860797836	0.00541501115964354
-0.00273465537444161	0.00357168709122209	0.00264787556255340	-0.00385853607634485	-0.00518247695178094	-0.000948804234820334
-0.00101994813579786	0.00488277139258114	-0.000789306476381181	-0.00365867989441084	-0.00326402657426329	0.00142145696274135
0.00196568689511640	0.00429484472425618	-0.00443186819026368	-0.00128972297232382	0.000926225630979087	0.00411312246090517
-0.00435359240546477	-0.000904850665611847	0.000857469952342279	-0.00368679940855986	-0.00411553448980750	-0.00480601786174586
0.00247661582378364	-0.00499658537781861	-0.00325844755565969	0.00416031453161116	0.00578954407554937	-2.16976560129933e-05
-0.000795995687671869	0.000408783227630433	0.00228610660566310	-0.000428859665800677	-0.00157191495994323	-0.000591604062471785
0.00311317420238023	-0.00292269378003941	0.000342910499410292	0.00466025288163628	0.00448879762521080	0.00165182315133693
-0.00120394714229389	-0.00280716411817570	-0.00246935712248587	-0.000417701931785326	0.000816979139040344	-0.00260753288821528
-0.00180932179783216	-0.00174193737265778	0.00417056748285585	0.000104295685303947	-0.00198100014642822	-0.00268029136510218
0.00486051066726614	-0.00404050583392416	0.00258194529715416	0.00752626233696385	0.00623528681964790	0.00284024675622641
0.00218180905209727	0.00247533661738303	0.00387030732228013	0.00191171987734812	-2.34434462518925e-05	0.00341947988864643
-0.000868166414301026	0.00248508957393292	-0.00431201828896283	-0.00318872501270643	-0.00103270250553905	0.000374380930520686
-0.00401369762757086	0.000432994330851089	-0.00316471804472160	-0.00502137695905437	-0.00343901265399830	-0.00379720044861539
0.00234559125166410	-0.00161867683475947	0.00237072654586589	0.00374761312272500	0.00256224762907047	0.00153625212743046
0.00137306290353483	0.00332333661620528	0.00196714852649722	0.000203176243913714	-0.000780399288040555	0.00303473732913307
-0.00426158123263934	0.000525721780259575	0.00276992905706029	-0.00383195811169041	-0.00521692618228143	-0.00399872031829275
-0.00379491833598022	0.00457543116962021	1.90341915374379e-05	-0.00607789133715338	-0.00608740843292325	-0.00150718678692212
0.00481596208916383	0.00392833319318002	-0.000745031719973734	0.00266552742451268	0.00303804335342397	0.00678013878935933
-3.20057822085074e-05	-0.00143496382872996	0.00111237130774301	0.000963569566254658	0.000407383682980570	-0.000749488189034629
-0.00477586345559847	0.000464018929918872	0.00355771891361736	-0.00411843945617426	-0.00589730641824475	-0.00454385397398744
-0.00446168451030489	-0.00153318248745051	0.00170797108980223	-0.00326809947826301	-0.00412208585357075	-0.00522827635469291
-0.00359126202398159	0.00122802790659130	0.000235920447111608	-0.00414629617306038	-0.00426425639880468	-0.00297724776203065
0.00393474311740186	0.00296624685308396	-0.00201184589892978	0.00194865318771481	0.00295457749434763	0.00541787089377249
-0.000341799268839521	0.00245874901540650	0.00203969078651195	-0.00106125285014195	-0.00208109965770096	0.000887577716242415
0.000608567381335423	-0.00374463768645180	-0.00118389124011118	0.00218492202771681	0.00277686792432925	-0.00126376021335219
-5.54365261660117e-05	0.00322394006759020	0.000676849978014866	-0.00149819962446617	-0.00183662466515403	0.00155653909247808
-0.00432214511514185	-0.00474849498571498	0.00387860955311228	-0.000978222526451855	-0.00291753702778276	-0.00669641045316639
0.00397646542373691	-0.000855711190759684	0.00342949288995289	0.00526169770736133	0.00354694453973470	0.00354860972392581
-0.00211434691118739	0.00231407467972937	0.00398798555832190	-0.00227438464131177	-0.00426838799137951	-0.000957307506029143
-0.00230953185246483	0.00281374000275963	0.00439003091446555	-0.00261889078745235	-0.00481392034584489	-0.000902658138281046
0.000941941754303628	-0.00132714084868631	0.00315435155938748	0.00239410307355291	0.000816922062906846	0.000278370940377376
-0.000241209759436920	0.00244867856241673	-0.00498642171213969	-0.00271216724787847	-0.000218935727537856	0.000983131968834320
-0.00131688961926597	0.00392267188231107	-0.00496909302442535	-0.00452051910130435	-0.00203595213951038	0.000644456381875419
0.00155611090496500	-0.00257396613720330	-0.00412531183681249	0.00181176300610054	0.00387443062548187	0.000269124994138785
0.00438200405804263	-0.00370403024162460	-0.00239272648795680	0.00563584488513547	0.00683221041223481	0.00252998046740012
0.00120425185783994	-0.00274932117872087	-0.00477201329359067	0.00138590353157572	0.00377192829000533	-0.000170412195110635
-0.00217159908385675	-0.00149986080999234	-0.000759151811941206	-0.00161145610596095	-0.00123188012707234	-0.00292153005119685
-0.00294818748067013	-0.00212915386853824	-0.00158935031090771	-0.00228094685000731	-0.00148627102542718	-0.00401276602362303
-0.000608659184062140	0.00427488007179428	0.000413539333077043	-0.00264272740117871	-0.00284949707950413	0.00152879387221714
-0.00472749780339184	-0.00448686243183205	0.00426169082583073	-0.00141862237590780	-0.00354948068906119	-0.00697094407429918
0.00376184335960346	0.000926667552063866	-0.00201500552940761	0.00279475738680987	0.00380226151508601	0.00422517726825898
0.00110092246274455	-0.00337101099782268	-0.00161915206148718	0.00238164597710957	0.00319122271532982	-0.000584589420730599
-0.00296407619712581	0.00338405769673030	0.00359480107206790	-0.00375740736525532	-0.00555481564368887	-0.00127204088977953
0.000199168247904012	-0.00332439069788729	-0.00159521689234567	0.00146256515879804	0.00226017428153414	-0.00146303322435807
-0.00446175697849880	2.20061540947269e-05	-0.00361879596949914	-0.00537746299716086	-0.00356805711393501	-0.00445075390144966
0.00362187431116878	0.00499329479025719	7.79895535260281e-05	0.00114470355462372	0.00110570877778165	0.00611854245613488
-0.000570653339461306	-0.00144592848732119	0.00356656476891690	0.00104395638095703	-0.000739333564885615	-0.00129361808695832
0.000480091573356585	-0.00452922290451166	-0.00115686382117386	0.00245550242673096	0.00303393459536304	-0.00178453536433383
0.000668608317892411	-0.00286339414879201	0.00195690926828769	0.00258953724671234	0.00161108136357123	-0.000763092669356963
0.00180394991214306	-0.00102160875897295	0.00127904177790549	0.00263451508818277	0.00199499385048885	0.00129314535495032
-0.00128621421906908	-0.00166331819619705	-0.000496118456480745	-0.000578583978302220	-0.000330524729709948	-0.00211787408413208
-0.00421771290814315	-0.00270397468031802	-0.000263820579011156	-0.00293167741924843	-0.00279976712668248	-0.00556970354332085
-0.000436492763499713	0.00436120177502068	0.00449706353503533	-0.00149283401346970	-0.00374138093889767	0.00174412194918426
-0.00452156199839701	0.00183188784699983	-0.00416502438210669	-0.00647876906308403	-0.00439624482987029	-0.00360561705031685
0.00238256992026790	0.00462113795722863	-0.00220171079999787	-0.000478444095228618	0.000622413083583792	0.00469315534635821
-0.00461998464604039	-0.000620268223672019	-0.000529926906652957	-0.00444233223349599	-0.00417736875536694	-0.00493011879764932
0.00454244324359415	0.00440336654420907	0.000875712639953135	0.00255967395738447	0.00212181752548119	0.00674414074575547
0.00242372334463615	-0.00494165675427629	0.00377634138414522	0.00583866166834187	0.00395048200063865	-4.71251452179517e-05
0.00437449567040730	0.00110307030069875	-0.000308994797709808	0.00374571159447579	0.00390020899824772	0.00492603104445284
0.000133639861576544	0.00301075756966120	-0.000625815242982794	-0.00152819730302388	-0.00121528964068293	0.00163902319500649
-0.00259095200922272	-0.00267018466586352	0.00246184939974845	-0.000640392909944948	-0.00187132009658132	-0.00392604751518231
-0.00240034721283132	0.00432468675920979	-0.000320895341922540	-0.00464292791147991	-0.00448248023501133	-0.000237990352417027
0.00258974161342075	0.00263262775333742	0.00360827351057875	0.00217549698827164	0.000371352403205836	0.00390605853110276
0.00493342763841508	0.00326449539702682	-0.000334879876185128	0.00321745416945117	0.00338489411380289	0.00656568113520314
-0.00143294250075434	0.000734635886048661	-1.89551287729072e-05	-0.00180499929205174	-0.00179552172766415	-0.00106562449165074
0.00252857841103010	0.00292581664120226	-0.000125693455845546	0.00103424255192620	0.00109708928017994	0.00399149090600712
-0.00389951502887334	-0.00170958804160752	-0.00270531225251983	-0.00372104988838769	-0.00236839046221683	-0.00475430988244441
0.000970452296144032	-0.00276538023874148	-0.00414447767590943	0.00131702058876651	0.00338927129154105	-0.000412241347865713
-0.000694047996793967	-0.00187613657980746	-0.00432616686391093	-0.000837527069562226	0.00132556985704869	-0.00163211738733117
0.00230718017321590	0.000845234785285556	0.00388390934804578	0.00285554489928902	0.000913580460572441	0.00272979766650107
-0.00238823829428745	0.00329914141021523	-0.00266832314330340	-0.00470489735327127	-0.00337073261522337	-0.000738661604327586
-0.00405192318416436	-0.00209537508452732	0.00361595759984367	-0.00210024076865984	-0.00390822744848717	-0.00509961225975522
-0.000490365107088288	-0.000974456079368775	0.00211735093007919	0.000526201610373438	-0.000532475436744772	-0.000977593300990908
0.00140074510267742	0.00362057298433146	0.00372812993042854	0.000522487501116935	-0.00134158610032899	0.00321103950496086
-0.00367961182631184	0.00114739550216400	0.00438002006919630	-0.00315829780939975	-0.00534832184890988	-0.00310591382346887
-0.000471775701759485	0.00491187788329793	-0.00360310721452500	-0.00382851509643321	-0.00202695369297809	0.00198418299118668
0.00152199598948144	-0.00296301124814378	-0.00106099855148997	0.00273825621175836	0.00326875568656761	4.04860297998884e-05
0.00326998331558064	0.00327209084946655	0.00480562829715054	0.00283534837483618	0.000432515729176004	0.00490603457915520
-0.00191923091579788	0.00175861618952774	0.00144794025985376	-0.00243655459911602	-0.00316052523498527	-0.00103992191454511
-0.000976364209949460	-0.00251050529960192	0.00396409779453934	0.00126992071666911	-0.000712138562685066	-0.00223161949689094
0.00384231316046448	-0.000242143734304674	-0.000177695945632015	0.00391896104310753	0.00400780901685869	0.00372124129094585
0.00200579510055142	-0.00100924773273208	-0.00485906924810977	0.00129564226569017	0.00372519601081175	0.00150117106285189
-0.00258127704852413	0.000994382490914121	0.00122880344434796	-0.00277126744214771	-0.00338566947356212	-0.00208408563919334
0.00259831815719588	0.00300522765803851	-0.00268904636888865	0.000423436592000067	0.00176796301718954	0.00410093650979695
-0.00209074262806570	-0.00394931228708829	0.000274339627766340	-4.74913095135582e-05	-0.000184661126837964	-0.00406540903795565
-0.00222561281044508	0.00321442194126392	0.00224991961357239	-0.00327034846409485	-0.00439531016911891	-0.000618396304283285
-0.00493892196973401	0.00341086330045423	0.00107415791144935	-0.00637582065250525	-0.00691289981479331	-0.00323348370581874
-0.00125288858854442	-0.00145493755599561	0.000883664457952507	-0.000304503125243840	-0.000746335469223591	-0.00198035787985513
-0.000630672192680123	-0.000699305373841666	-0.000665651599669420	-0.000447432373258731	-0.000114606524266523	-0.000980324936597619
-0.00195701531158322	0.000722392184126847	-0.00255827106492975	-0.00295778062798342	-0.00167864230497013	-0.00159581915668967
-0.00209139669390961	0.00200824730771237	-0.000710396462219926	-0.00327312084309492	-0.00291792255223313	-0.00108727169015518
-0.00257483691115000	0.00242469756987280	-0.00489822544478223	-0.00501175422668043	-0.00256262191723049	-0.00136248575034453
0.00436683610022334	0.00257884150620785	0.00108821449044360	0.00334946621871434	0.00280535875871322	0.00565625971173291
0.00360190240827037	-0.00110871236430773	0.00457975188197358	0.00530120479282265	0.00301131284231838	0.00304754599897022
-0.00102771739562165	-0.000706975150001625	-0.00404553476450400	-0.00168561897044395	0.000337159446987636	-0.00138120502951513
-0.000205808956413845	0.00456344657500659	-0.00464409436619852	-0.00364858002150280	-0.00132651614458825	0.00207593017021783
0.000649960930948595	0.000729713672704843	0.00386235111325751	0.00125069660964695	-0.000680488549974438	0.00101481783206094
-0.000103806104534545	0.00349722054218674	-0.00253058634942504	-0.00248507144230677	-0.00121977556666415	0.00164481129541637
-0.00230188367326184	-0.00223654683701777	-0.00491084943746663	-0.00241133061897509	4.41138386514052e-05	-0.00342015895636184
0.00489740142062216	0.00122323615152450	0.00314920271448039	0.00507308632111306	0.00349847975849424	0.00550901980144066
-0.00316324303733876	0.000883616846135389	-0.00359500563451233	-0.00450380685588016	-0.00270629629490257	-0.00272143449928616
0.00361656724924023	0.00463468465806992	0.00379866440284003	0.00224887899624167	0.000349537659075214	0.00593392617082201
-0.00467367427893544	-0.00414097305032749	-0.00404623213909475	-0.00361473947424309	-0.00159161236380833	-0.00674417263884517
-0.00168041980413347	4.98891603950558e-06	-0.00147439898751360	-0.00205151427612569	-0.00131431424818080	-0.00167792534611370
0.00248746995782957	0.000215896764980549	0.000934205677874914	0.00261307306107408	0.00214597008625009	0.00259541834199705
0.00144366458181644	-0.00409833997831036	0.000851816384785925	0.00370580019163757	0.00327989189623284	-0.000605516880302326
-0.00330762037348335	0.00404666479690125	0.00167681764184503	-0.00491175901300703	-0.00575016861971999	-0.00128427693060320
0.00452205100722434	0.00384388938509860	0.00148027115055705	0.00297016490666772	0.00223002879079304	0.00644400516571830
0.000432702353922492	-0.000610103331944097	-0.000666309326614081	0.000571176701438742	0.000904331414049140	0.000127650650101042
-0.00248586523844181	0.00281722612917166	-0.00360241240900743	-0.00479508902774237	-0.00299387503155532	-0.00107724844723476
0.000785723098536110	-0.00351534977056592	0.00251929507975084	0.00317323032652474	0.00191358012171219	-0.000971959027046245
0.00415476599033373	0.00119815927260871	-0.00258213206412781	0.00291015161663982	0.00420122051806518	0.00475384591331495
0.00395596526144395	-0.00239376320605579	0.00150459322478062	0.00552899774059878	0.00477670056052474	0.00275908137232615
-0.000174933826199609	-0.000543437885604248	0.00357374060834467	0.000990224098995219	-0.000796653812293300	-0.000446652795750178
-0.000572600222362646	0.00343999511474936	-0.00415629528954851	-0.00333168437002722	-0.00125352475864852	0.00114740411961258
-0.00188245047751692	-0.00303795081268748	0.00472089161712842	0.000816761273956727	-0.00154370207037225	-0.00340143055682607
-0.00444686228018333	-0.00196148377222348	-0.00468540064440884	-0.00463747786901418	-0.00229476040357541	-0.00542760542407185
0.00253791773408712	-0.000167054322657144	0.00335404550444859	0.00345995941663079	0.00178293037575460	0.00245439057198155
-0.00368052520239081	-0.00162187956128976	0.00335713348170861	-0.00203029818724215	-0.00370887123413376	-0.00449146569409366
-0.00144077880916616	0.00298485829521549	-0.00450142498654407	-0.00405857623665927	-0.00180784854133146	5.16547706630344e-05
-0.00104129035985299	0.00487487575189353	0.000458862088908299	-0.00336403201379886	-0.00359346307435559	0.00139616682437125
0.00385521227489635	-0.00340952445277606	0.00443169839655479	0.00666791295957797	0.00445204925479695	0.00215044344260524
-0.00478760451378051	-0.00263120216773945	-0.00178526930130011	-0.00391831819332615	-0.00302568259434386	-0.00610320863372601
0.00344080719207746	0.00202236632667890	0.00306466803793334	0.00319579205832209	0.00166345324201322	0.00445199173398727
-0.00211929356177765	-0.00124528337302453	0.00101398755252809	-0.00124315457840391	-0.00175014852842676	-0.00274193557013997
-0.00249657117463528	0.00473704902674984	0.00289620465123039	-0.00414106021718144	-0.00558916659170499	-0.000128028944827352
-0.000116203649750345	0.00472305555688457	0.00299185035044316	-0.00172978416875064	-0.00322571380741432	0.00224534168858179
0.00229036115345013	0.00143698049421405	-0.00450435234421789	0.000445774709881422	0.00269796611372410	0.00300885189509750
-0.00297383903836205	0.00360098876854161	-0.00216801366159055	-0.00531634546967129	-0.00423233694049311	-0.00117333687164190
-0.00283723794563491	-0.000981166019919144	0.00153456823979964	-0.00196301241715297	-0.00273029713934573	-0.00332782111302046
0.00476334514779420	0.00131930797977457	-0.000103446546715287	0.00407782913841015	0.00412955241195229	0.00542299952040718
0.000932357924365513	0.00485236639414830	0.00472852237010803	-0.000311704911759062	-0.00267598371774924	0.00335856016348518
-0.00195596421906533	0.000594774059872755	0.00248489909977082	-0.00163212523049293	-0.00287457733764548	-0.00165857715406144
0.00467702883195329	0.00433591915842209	0.000678411497388074	0.00267865856698566	0.00233945276625268	0.00684500199728742
0.00395969830651651	0.00220343206000748	-0.00201035836542803	0.00235539022508722	0.00336057076196096	0.00506141611950893
-0.00309974523207720	-0.000159614831876582	-0.00243890218938162	-0.00362966457174153	-0.00241021105918079	-0.00317955264869324
-0.00498200676120844	0.00139031092681230	0.00386563794411547	-0.00471074837272476	-0.00664357697231231	-0.00428685084989833
0.00211763763315268	0.00387636865889604	-0.000531991372171995	4.64457401861176e-05	0.000312441451365692	0.00405583167052947
0.00367726788909873	-0.00301263249901079	0.00315987253296207	0.00597355945818078	0.00439361793323247	0.00217094708249084
-0.00381692090162005	-0.00104633726044790	-0.00401662698255362	-0.00429791422626192	-0.00228958993467921	-0.00434008972276953
-0.00460977023272357	0.00492175302495305	0.00359593453475272	-0.00617167910731442	-0.00796965412441639	-0.00214887384958174
0.000981945254297777	-0.000976483830640519	-0.00472370991838825	0.000289251061609216	0.00265112358799281	0.000493703183794539
0.00104313505631328	0.00158856481072931	0.00399156434256364	0.00124674836815047	-0.000749044402522534	0.00183741812981260
0.000164324104488878	0.00401348123034512	0.00399935500526176	-0.000842583203530196	-0.00284227136773683	0.00217107549461127
-0.00492492595906716	0.00495381776517886	0.000241060096173629	-0.00734159007801572	-0.00746212012843720	-0.00244799681490786
0.00188933363588118	0.00153163281094690	-0.00379800487352865	0.000174010847687951	0.00207302241544104	0.00265515064019785
0.00446020375394758	-0.00391563572144485	-0.00322205908177721	0.00561251406263443	0.00722354917860237	0.00250237588727676
0.00373536456464217	-0.00463885969204644	0.00206107594508614	0.00657008076399327	0.00553954133219425	0.00141591808119058
-0.00386723547476018	0.00118091239046974	0.00331359756387049	-0.00362928952156651	-0.00528609436737262	-0.00327677900505079
-0.00145430658807480	0.000671443618979956	-0.00465166179432271	-0.00295295228437495	-0.000627104611658402	-0.00111858472813293
-0.00258063169373299	0.00461964657805326	0.00257838710385933	-0.00424587320990410	-0.00553506961872867	-0.000270791973149595
0.000603333098406179	0.00246105469418888	0.00457112178001164	0.000515591671551084	-0.00176998513763696	0.00183386292985530
0.00112727107549884	0.00162516098435082	-0.00157129485003152	-7.81341678570223e-05	0.000707513903738699	0.00193985228305685
-0.00199190909339275	0.000233133184120096	0.00138243709424706	-0.00176286619383436	-0.00245408518129492	-0.00187534249922086
0.00298141714195157	-0.00240105718515603	-0.00156994188029675	0.00378946224905116	0.00457443383411071	0.00178088624232220
0.00295641626726704	0.00461993766916173	-0.00283528603817459	-6.23924108958944e-05	0.00135525440694202	0.00526640153651102
0.00281092265910387	0.000402040375135201	0.00286200627030545	0.00332540598186513	0.00189439893954594	0.00301194285750220
-0.00148901567585400	-0.00469729836580231	0.00223089959545472	0.00141737660532550	0.000301924957095594	-0.00383768213291855
-0.00445702646100023	0.00196314463411127	-0.00221161095212543	-0.00599150367852037	-0.00488569639954040	-0.00347545288297007
0.00208704616979225	0.000197161579208781	0.000824314287044801	0.00219454399734809	0.00178238676047289	0.00218562696067401
0.00492928441303996	-0.00440969444335516	-0.000789942186317199	0.00693666033855429	0.00733163151386803	0.00272442289986876
-0.00337523514810113	0.00390036233228213	-0.00407931293245632	-0.00634526009362709	-0.00430559231348925	-0.00142504409264410
-0.00386433661327953	-0.00169797757485979	-0.00475972674993252	-0.00420528768346581	-0.00182540633640277	-0.00471332621662477
0.00412875425886543	-0.00270298802128881	-8.85419598863458e-05	0.00545811607089342	0.00550238705095228	0.00277725695680802
-0.000183430196274448	-0.00386051358004811	-0.00221732979848121	0.00119250282495259	0.00230116954113277	-0.00211369657559158
0.00351805952008354	-0.00189077286546394	-0.00160242835848935	0.00406283964689703	0.00486405451192209	0.00257267196075751
0.00309913803104205	-0.00271567677864263	-0.00212650390484924	0.00392535298079284	0.00498860653590215	0.00174129630373662
-0.00313240455730160	0.00151997167217003	-0.00329096764750522	-0.00471513586077160	-0.00306964609653993	-0.00237241813594743
-0.00252800143254337	-0.00433839875401673	-0.00100736685718571	-0.000610630245574968	-0.000106946646604749	-0.00469721441899688